2182977
2243418
158565
2093187
184691
2177824
721762
1384961
730909
2136672
2286261
177998
136146
2103523
1048799
2093191
2099850
2286254
2006984
150569
801778
730858
177982
801770
789043
811608
158562
69468
2175420
2180536
179320
728696
2180418
69747
1048788
69866
52909
2099620
1039275
2243432
2242189
922242
2068408
1721797
1361109
911231
728051
184718
1067304
131431
2178524
184689
929607
884398
130186
2103348
78294
1339700
2136642
229984
61238
1041500
52004
2181000
87960
2275621
1758943
184657
2285894
179185
158648
929614
69920
929611
2093140
149527
52098
258528
77034
51442
18616
1097370
177954
2149714
152135
1361125
2177697
179176
822804
2242239
2092103
64763
155925
76290
2242113
2242199
1056254
2274239
1056250
2275285
321778
51458
1067337
2183129
67230
51459
2149843
2286204
2103410
1594639
905829
23988
1648745
151193
2284143
2242029
1048746
23980
2132099
729988
2240240
177973
151101
801660
177972
730202
1067350
729698
130020
2282590
2136604
179195
2176781
722260
184647
2099797
2242134
830652
2177755
2092084
23471
2185089
177964
1361130
730559
801791
321357
729290
1623853